Start: 2025-04-28 11:12:15.714469290
Button thread created
Picked configuration: Blinker
Start synchronizing: 2025-04-28 11:12:26.603798221
Offset: 0.0000688
Synchronized
Blinker program start: 2025-04-28 11:12:32.116409536
First sync blink: 2025-04-28 11:12:32.116733107
Blink: 2025-04-28 11:13:00.000337332
Blink: 2025-04-28 11:13:02.000508565
Blink: 2025-04-28 11:13:04.000658467
Blink: 2025-04-28 11:13:06.000786786
Blink: 2025-04-28 11:13:08.000935217
Blink: 2025-04-28 11:13:10.001104073
Blink: 2025-04-28 11:13:12.001279285
Blink: 2025-04-28 11:13:14.001460931
Blink: 2025-04-28 11:13:16.001637826
Blink: 2025-04-28 11:13:18.001800668
Blinking finished: 2025-04-28 11:13:21.002120780
