Start: 2025-04-28 11:29:39.790348040
Button thread created
Picked configuration: Blinker
Start synchronizing: 2025-04-28 11:30:47.190737801
Offset: 0.0000026
Synchronized
Blinker program start: 2025-04-28 11:30:52.703936844
First sync blink: 2025-04-28 11:30:52.704280860
Blink: 2025-04-28 11:32:00.000398731
Blink: 2025-04-28 11:32:02.000572516
Blink: 2025-04-28 11:32:04.000747004
Blink: 2025-04-28 11:32:06.000922214
Blink: 2025-04-28 11:32:08.001104498
Blink: 2025-04-28 11:32:10.001300893
Blink: 2025-04-28 11:32:12.001494029
Blink: 2025-04-28 11:32:14.001664730
Blink: 2025-04-28 11:32:16.001803169
Blink: 2025-04-28 11:32:18.001966412
Blinking finished: 2025-04-28 11:32:21.002566687
