Start: 2025-04-28 11:18:37.218205366
Button thread created
Picked configuration: Blinker
Start synchronizing: 2025-04-28 11:18:51.715020233
Offset: 0.0000159
Synchronized
Blinker program start: 2025-04-28 11:18:57.227736880
First sync blink: 2025-04-28 11:18:57.228106710
Blink: 2025-04-28 11:20:00.000281986
Blink: 2025-04-28 11:20:02.000451952
Blink: 2025-04-28 11:20:04.000625736
Blink: 2025-04-28 11:20:06.000803870
Blink: 2025-04-28 11:20:08.000985838
Blink: 2025-04-28 11:20:10.001156436
Blink: 2025-04-28 11:20:12.001336812
Blink: 2025-04-28 11:20:14.001512891
Blink: 2025-04-28 11:20:16.001692266
Blink: 2025-04-28 11:20:18.001879049
Blinking finished: 2025-04-28 11:20:21.002398730
