Start: 2025-04-28 11:16:03.742182477
Button thread created
Picked configuration: Blinker
Start synchronizing: 2025-04-28 11:16:13.709567864
Offset: 0.0000335
Synchronized
Blinker program start: 2025-04-28 11:16:19.223007105
First sync blink: 2025-04-28 11:16:19.223426694
Blink: 2025-04-28 11:17:00.000400739
Blink: 2025-04-28 11:17:02.000570942
Blink: 2025-04-28 11:17:04.000750424
Blink: 2025-04-28 11:17:06.000927035
Blink: 2025-04-28 11:17:08.001097905
Blink: 2025-04-28 11:17:10.001272683
Blink: 2025-04-28 11:17:12.001430905
Blink: 2025-04-28 11:17:14.001577628
Blink: 2025-04-28 11:17:16.001724998
Blink: 2025-04-28 11:17:18.001897035
Blinking finished: 2025-04-28 11:17:21.002230558
