Start: 2025-05-21 08:57:09.522901564
Button thread created
Picked configuration: Blinker
Start synchronizing: 2025-05-21 08:57:57.991826813
Offset: 0.0000254
Synchronized
Blinker program start: 2025-05-21 08:58:03.503966718
First sync blink: 2025-05-21 08:58:03.504314076
Blink: 2025-05-21 08:59:00.000367665
Blink: 2025-05-21 08:59:02.000539080
Blink: 2025-05-21 08:59:04.000786005
Blink: 2025-05-21 08:59:06.000967558
Blink: 2025-05-21 08:59:08.001166215
Blink: 2025-05-21 08:59:10.001359804
Blink: 2025-05-21 08:59:12.001546958
Blink: 2025-05-21 08:59:14.001736589
Blink: 2025-05-21 08:59:16.001928571
Blink: 2025-05-21 08:59:18.002126101
Blinking finished: 2025-05-21 08:59:21.002669358
