Start: 2025-05-21 08:51:58.874229799
Button thread created
Picked configuration: Blinker
Start synchronizing: 2025-05-21 08:52:20.423708459
Offset: 0.0001153
Synchronized
Blinker program start: 2025-05-21 08:52:25.936436736
First sync blink: 2025-05-21 08:52:25.936759700
Blink: 2025-05-21 08:53:00.000412544
Blink: 2025-05-21 08:53:02.000594119
Blink: 2025-05-21 08:53:04.000786600
Blink: 2025-05-21 08:53:06.000972379
Blink: 2025-05-21 08:53:08.001157026
Blink: 2025-05-21 08:53:10.001337123
Blink: 2025-05-21 08:53:12.001507380
Blink: 2025-05-21 08:53:14.001672969
Blink: 2025-05-21 08:53:16.001855952
Blink: 2025-05-21 08:53:18.002044954
Blinking finished: 2025-05-21 08:53:21.002572174
