Start: 2025-05-21 08:59:35.856691419
Button thread created
Picked configuration: Blinker
Start synchronizing: 2025-05-21 09:00:31.350903191
Offset: 0.0000038
Synchronized
Blinker program start: 2025-05-21 09:00:36.863018623
First sync blink: 2025-05-21 09:00:36.863343117
Blink: 2025-05-21 09:01:00.000285192
Blink: 2025-05-21 09:01:02.000468611
Blink: 2025-05-21 09:01:04.000660921
Blink: 2025-05-21 09:01:06.000855981
Blink: 2025-05-21 09:01:08.001035247
Blink: 2025-05-21 09:01:10.001194557
Blink: 2025-05-21 09:01:12.001366722
Blink: 2025-05-21 09:01:14.001560282
Blink: 2025-05-21 09:01:16.001745901
Blink: 2025-05-21 09:01:18.001919752
Blinking finished: 2025-05-21 09:01:21.002476834
