Start: 2025-05-06 15:21:17.716677329
Button thread created
Picked configuration: Blinker
Start synchronizing: 2025-05-06 15:21:43.383389894
Offset: 0.0000000
Synchronized
Blinker program start: 2025-05-06 15:21:48.904338750
First sync blink: 2025-05-06 15:21:48.904665355
Blink: 2025-05-06 15:22:00.000362012
Blink: 2025-05-06 15:22:02.000548997
Blink: 2025-05-06 15:22:04.000724501
Blink: 2025-05-06 15:22:06.000918245
Blink: 2025-05-06 15:22:08.001135010
Blink: 2025-05-06 15:22:10.001342810
Blink: 2025-05-06 15:22:12.001545315
Blink: 2025-05-06 15:22:14.001747597
Blink: 2025-05-06 15:22:16.001933990
Blink: 2025-05-06 15:22:18.002110753
Blinking finished: 2025-05-06 15:22:21.002623536
