Start: 2025-05-06 11:54:24.228499735
Button thread created
Picked configuration: Blinker
Start synchronizing: 2025-05-06 12:00:49.758871079
Offset: 0.0001037
Synchronized
Blinker program start: 2025-05-06 12:00:55.273442016
First sync blink: 2025-05-06 12:00:55.273765358
Blink: 2025-05-06 12:02:00.000390795
Blink: 2025-05-06 12:02:02.000565256
Blink: 2025-05-06 12:02:04.000750349
Blink: 2025-05-06 12:02:06.000936943
Blink: 2025-05-06 12:02:08.001117532
Blink: 2025-05-06 12:02:10.001308436
Blink: 2025-05-06 12:02:12.001487791
Blink: 2025-05-06 12:02:14.001745724
Blink: 2025-05-06 12:02:16.001965403
Blink: 2025-05-06 12:02:18.002163262
Blinking finished: 2025-05-06 12:02:21.002683775
